##TITLE= Parameter file, TopSpin 4.5.0
##JCAMPDX= 5.0
##DATATYPE= Parameter Values
##NPOINTS= 9	$$ modification sequence number
##ORIGIN= Bruker BioSpin GmbH & Co. KG
##OWNER= nmrsu
$$ 2026-08-20 10:09:15.621 +0100  nmrsu@CZC1459CVJ
$$ C:/Bruker/nmrdata/data/todd/nmr/2608200859-0-1-lucascoralferreira/11/acqus
$$ process C:\Bruker\TopSpin4.5.0\prog\mod\acqdataserver.exe
##$ACQT0= -1.36465403113263
##$AMP= (0..31)
100 100 100 100 100 100 100 100 100 100 100 100 100 100 100 100 100 100
100 100 100 100 100 100 100 100 100 100 100 100 100 100
##$AMPCOIL= (0..32)
-1 0 0 0 0 0 0 0 0 0 0 0 0 0 0 0 0 0 0 0 0 0 0 0 0 0 0 0 0 0 0 0 0
##$AQSEQ= 0
##$AQ_mod= 3
##$AUNM= <au_zg>
##$AUTOPOS= <1 >
##$BF1= 100.612768526
##$BF2= 400.13
##$BF3= 100.612768526
##$BF4= 100.612768526
##$BF5= 100.612768526
##$BF6= 100.612768526
##$BF7= 100.612768526
##$BF8= 100.612768526
##$BWFAC= (0..63)
0 0 0 0 0 0 0 0 0 0 0 0 0 0 0 0 0 0 0 0 0 0 0 0 0 0 0 0 0 0 0 0 0 0 0 0
0 0 0 0 0 0 0 0 0 0 0 0 0 0 0 0 0 0 0 0 0 0 0 0 0 0 0 0
##$BYTORDA= 0
##$CHANFCU= (0..24)
0 1 2 0 0 0 0 0 0 0 0 0 0 0 0 0 0 0 0 0 0 0 0 0 0
##$CHANREC= (0..24)
0 1 2 0 0 0 0 0 0 0 0 0 0 0 0 0 0 0 0 0 0 0 0 0 0
##$CHEMSTR= <none>
##$CNST= (0..63)
1 1 1 1 1 1 1 1 1 1 1 1 1 1 1 1 1 1 1 1 1 1 1 1 1 1 1 1 1 1 1 1 1 1 1 1
1 1 1 1 1 1 1 1 1 1 1 1 1 1 1 1 1 1 1 1 1 1 1 1 1 1 1 1
##$CPDPRG= (0..8)
<> <> <waltz65> <> <> <> <> <> <>
##$D= (0..63)
0 2 0 0 0 0 0 0 0 0 0 0.03 0 0 0 0 0.0002 0 0 0 0 0 0 0 0 0 0 0 0 0 0 0
0 0 0 0 0 0 0 0 0 0 0 0 0 0 0 0 0 0 0 0 0 0 0 0 0 0 0 0 0 0 0 0
##$DATE= 1787216955
##$DATE_START= 1787213419
##$DE= 6.51034596886737
##$DE1= 4.5
##$DEADC= 0.5
##$DECIM= 840
##$DEPA= 4.5
##$DERX= 1.5
##$DIGMOD= 3
##$DIGTYP= 17
##$DR= 32
##$DS= 4
##$DSPFIRM= 4
##$DSPFVS= 21
##$DTYPA= 2
##$EXP= <UCL_C13CPD>
##$ExpStatus= 4
##$FCUCHAN= (0..9)
0 1 2 0 0 0 0 0 0 0
##$FILCOR= 0
##$FL1= 0
##$FL2= 0
##$FL3= 0
##$FL4= 0
##$FN_INDIRECT= (0..7)
0 0 0 0 0 0 0 0
##$FOV= 0
##$FQ1LIST= <>
##$FQ2LIST= <>
##$FQ3LIST= <>
##$FQ4LIST= <>
##$FQ5LIST= <>
##$FQ6LIST= <>
##$FQ7LIST= <>
##$FQ8LIST= <>
##$FS= (0..7)
83 83 83 83 83 83 83 83
##$FW= 2.4e+08
##$FnILOOP= 0
##$FnMODE= 0
##$FnTYPE= 0
##$GPNAM= (0..31)
<> <> <> <> <> <> <> <> <> <> <> <> <> <> <> <> <> <> <> <> <> <> <> <>
<> <> <> <> <> <> <> <>
##$GPX= (0..31)
0 0 0 0 0 0 0 0 0 0 0 0 0 0 0 0 0 0 0 0 0 0 0 0 0 0 0 0 0 0 0 0
##$GPY= (0..31)
0 0 0 0 0 0 0 0 0 0 0 0 0 0 0 0 0 0 0 0 0 0 0 0 0 0 0 0 0 0 0 0
##$GPZ= (0..31)
0 0 0 0 0 0 0 0 0 0 0 0 0 0 0 0 0 0 0 0 0 0 0 0 0 0 0 0 0 0 0 0
##$GRPDLY= 76
##$GrpdlyHandling= 0
##$HDDUTY= 20
##$HDRATE= 1
##$HOLDER= 1
##$HPMOD= (0..32)
0 0 0 0 0 0 0 0 0 0 0 0 0 0 0 0 0 0 0 0 0 0 0 0 0 0 0 0 0 0 0 0 0
##$IN= (0..63)
0 0 0 0 0 0 0 0 0 0 0 0 0 0 0 0 0 0 0 0 0 0 0 0 0 0 0 0 0 0 0 0 0 0 0 0
0 0 0 0 0 0 0 0 0 0 0 0 0 0 0 0 0 0 0 0 0 0 0 0 0 0 0 0
##$INF= (0..7)
0 0 0 0 0 0 0 0
##$INP= (0..63)
0 0 0 0 0 0 0 0 0 0 0 0 0 0 0 0 0 0 0 0 0 0 0 0 0 0 0 0 0 0 0 0 0 0 0 0
0 0 0 0 0 0 0 0 0 0 0 0 0 0 0 0 0 0 0 0 0 0 0 0 0 0 0 0
##$INSTRUM= <AV 400 Nanobay>
##$INTEGFAC= (0..63)
0 0 0 0 0 0 0 0 0 0 0 0 0 0 0 0 0 0 0 0 0 0 0 0 0 0 0 0 0 0 0 0 0 0 0 0
0 0 0 0 0 0 0 0 0 0 0 0 0 0 0 0 0 0 0 0 0 0 0 0 0 0 0 0
##$L= (0..31)
1 1 1 1 1 1 1 1 1 1 1 1 1 1 1 1 1 1 1 1 1 1 1 1 1 1 1 1 1 1 1 1
##$LFILTER= 500
##$LGAIN= 5
##$LINPSTP= 0
##$LOCKED= yes
##$LOCKFLD= 1250
##$LOCKGN= 118.948051452637
##$LOCKPOW= -19
##$LOCKPPM= 2.49000000953674
##$LOCNUC= <2H>
##$LOCPHAS= 48.8
##$LOCSHFT= yes
##$LOCSW= 0
##$LTIME= 0.25
##$MASR= 5000
##$MULEXPNO= (0..15)
0 0 0 0 0 0 0 0 0 0 0 0 0 0 0 0
##$NBL= 1
##$NC= 0
##$NLOGCH= 2
##$NOVFLW= 0
##$NS= 1024
##$NUC1= <13C>
##$NUC2= <1H>
##$NUC3= <off>
##$NUC4= <off>
##$NUC5= <off>
##$NUC6= <off>
##$NUC7= <off>
##$NUC8= <off>
##$NUCLEUS= <off>
##$NUSLIST= <automatic>
##$NusAMOUNT= 100
##$NusFPNZ= no
##$NusJSP= 0
##$NusSEED= 54321
##$NusSPTYPE= 0
##$NusT2= 1
##$NusTD= 0
##$O1= 10061.277
##$O2= 1600.52
##$O3= 10061.277
##$O4= 10061.277
##$O5= 10061.277
##$O6= 10061.277
##$O7= 10061.277
##$O8= 10061.277
##$OVERFLW= 0
##$P= (0..63)
2.66666666666667 8 16 8 16 16.5 25 50 525 30 60 40000 40000 2000 0 0 1000
2000 500 600 2500 0 0 0 1000 0 500 8 1000 2000 0 0 5550 0 0 0 80000 0 0
2550 4000 0 0 10000 1110 0 40000 1575 3000 3900 3150 0 2119 20000 525 0
0 0 0 0 0 0 0 2100
##$PACOIL= (0..32)
1 2 3 0 0 0 0 0 0 0 0 0 0 0 0 0 0 0 0 0 0 0 0 0 0 0 0 0 0 0 0 0 0
##$PARMODE= 0
##$PCPD= (0..9)
0 80 90 0 0 0 0 0 0 0
##$PEXSEL= (0..9)
1 1 1 1 1 1 1 1 1 1
##$PHCOR= (0..31)
0 0 0 0 0 0 0 0 0 0 0 0 0 0 0 0 0 0 0 0 0 0 0 0 0 0 0 0 0 0 0 0
##$PHLIST= <>
##$PH_ref= 0
##$PL= (0..63)
120 120 120 120 120 120 120 120 120 120 120 120 120 120 120 120 120 120
120 120 120 120 120 120 120 120 120 120 120 120 120 120 120 120 120 120
120 120 120 120 120 120 120 120 120 120 120 120 120 120 120 120 120 120
120 120 120 120 120 120 120 120 120 120
##$PLSTEP= 0.1
##$PLSTRT= -6
##$PLW= (0..63)
0 91.96 21.898 0 0 0 0 0 0 0 9.4167 0.37667 0.17302 0.087028 0 1.5572 0
0 91.96 0.9196 0 5.6059e-05 0 0 0.00089694 0 0.043255 0 0 9.4167 0.17302
0.69208 0 0 0 0 0 0 0 0 0 0 0 0 0 0 0 0 0 0 0 0 0 0 0 0 0 0 0 0 0 0 0 0
##$PLWMAX= (0..7)
191.935211 45.488544 0 0 0 0 0 0
##$PR= 1
##$PRECHAN= (0..32)
-1 0 1 2 -1 -1 -1 -1 -1 -1 -1 -1 -1 -1 -1 -1 -1 -1 -1 -1 -1 -1 -1 -1 -1
-1 -1 -1 -1 -1 -1 -1 -1
##$PROBHD= <Z163739_0623>
##$PROBINPUTS= (0..15)
<19F/31P-199Hg/17O-109Ag> <1H> <2H> <> <> <> <> <> <> <> <> <> <> <> <>
<>
##$PULPROG= <zgpg30>
##$PW= 0
##$PYNM= <>
##$ProbeDescription= <PI HR-BBO400S1-BBF/H/D-5.0-Z SP>
##$ProjAngle= 0
##$QNP= 0
##$RECCHAN= (0..9)
0 1 2 0 0 0 0 0 0 0
##$RECPH= 0
##$RECPRE= (0..24)
-1 0 1 -1 -1 -1 -1 -1 -1 -1 -1 -1 -1 -1 -1 -1 -1 -1 -1 -1 -1 -1 -1 -1 -1
##$RECPRFX= (0..32)
1 1 0 0 0 0 0 0 0 0 0 0 0 0 0 0 0 0 0 0 0 0 0 0 0 0 0 0 0 0 0 0 0
##$RG= 101
##$RO= 20
##$RSEL= (0..24)
0 1 2 0 0 0 0 0 0 0 0 0 0 0 0 0 0 0 0 0 0 0 0 0 0
##$SAMPLEID= <>
##$SFO1= 100.622829803
##$SFO2= 400.13160052
##$SFO3= 100.622829803
##$SFO4= 100.622829803
##$SFO5= 100.622829803
##$SFO6= 100.622829803
##$SFO7= 100.622829803
##$SFO8= 100.622829803
##$SHAPPR= (0..15)
1 1 1 1 1 1 1 1 1 1 1 1 1 1 1 1
##$SOLVENT= <DMSO>
##$SOLVOLD= <off>
##$SP= (0..63)
120 120 120 120 120 120 120 120 120 120 120 120 120 120 120 120 120 120
120 120 120 120 120 120 120 120 120 120 120 120 120 120 120 120 120 120
120 120 120 120 120 120 120 120 120 120 120 120 120 120 120 120 120 120
120 120 120 120 120 120 120 120 120 120
##$SPECTR= 0
##$SPINCNT= 0
##$SPNAM= (0..63)
<> <Q5.1000> <Q3_surbop.1> <0.0> <Eburp2tr.1000> <Crp60comp.4> <Crp60,0.5,20.1>
<Sinc1.1000> <Crp60,0.5,20.1> <> <Crp60comp.4> <Crp60comp.4> <> <> <Eburp2.1000>
<> <> <> <0.0> <Q5tr_sebop.1> <Q5tr_sebop.1> <Q5tr_sebop.1> <Q5tr_sebop.1>
<> <> <> <Gaus1_180r.1000> <> <> <Q5tr.1000> <Q3_surbop.1> <Reburp.1000>
<Q3.1000> <Q5_sebop.1> <Q3_surbop.1> <Q3_surbop.1> <Q5.1000> <Q3_rna_c68c1.1>
<> <> <Q3_surbop.1> <Crp60,0.5,20.1> <> <> <Crp60,20,20.10> <> <Crp60_xfilt.2>
<> <> <> <> <> <> <> <> <> <> <> <> <0.0> <0.0> <0.0> <> <>
##$SPOAL= (0..63)
0.5 1 0.5 0.5 0 0.5 0.5 0.5 0.5 0.5 0.5 0.5 0.5 0.5 1 0.5 0.5 0.5 0.5 0
0 0 0 0.5 0.5 0.5 0.5 0.5 0.5 0 0.5 0.5 0.5 1 0.5 0.5 1 0.5 0.5 0.5 0.5
0.5 0.5 0.5 0.5 0.5 0.5 0.5 0.5 0.5 0.5 0.5 0.5 0.5 0.5 0.5 0.5 0.5 0.5
0.5 0.5 0.5 0.5 0.5
##$SPOFFS= (0..63)
0 0 0 0 0 0 0 0 0 0 0 0 0 0 0 0 0 0 0 0 0 0 0 0 0 0 0 0 0 0 0 0 0 0 0 0
0 0 0 0 0 0 0 0 0 0 0 0 0 0 0 0 0 0 0 0 0 0 0 0 0 0 0 0
##$SPPEX= (0..63)
0 0 0 0 0 0 0 0 0 0 0 0 0 0 0 0 0 0 0 0 0 0 0 0 0 0 0 0 0 0 0 0 0 0 0 0
0 0 0 0 0 0 0 0 0 0 0 0 0 0 0 0 0 0 0 0 0 0 0 0 0 0 0 0
##$SPW= (0..63)
0 0.001238 0.0010136 0 0.062588 8.9923 0 0.0040411 8.9923 0 8.9923 8.9923
0 0 0.062588 0 0 0 0 7.788134 12.1064 5.652832 30.48525 0 0 0 5.1708e-06
0 0 0.064305 1.3162 0.19166 0.0024431 9.5326 0.65375 0.0010136 0.22008
0.26981 0 0 0.16344 8.9923 0 0 0.053532 0 1.7323 0 0 0 0 0 0 0 0 0 0 0
0 0 0 0 0 0
##$SUBNAM= (0..9)
<> <> <> <> <> <> <> <> <> <>
##$SW= 236.621488941806
##$SWIBOX= (0..32)
0 1 2 0 0 0 0 0 0 0 0 0 0 0 0 0 0 0 0 0 0 0 0 0 0 0 0 0 0 0 0 0 0
##$SW_h= 23809.5238095238
##$SWfinal= 0
##$SigLockShift= 0
##$TD= 65536
##$TD0= 1
##$TD_INDIRECT= (0..7)
0 0 0 0 0 0 0 0
##$TDav= 1
##$TE= 299.99841649352
##$TE1= 0
##$TE2= 299.995635986328
##$TE3= 0
##$TE4= 0
##$TEG= 300
##$TE_MAGNET= 0
##$TE_PIDX= 2
##$TE_RAW= 299.995635986328
##$TE_STAB= (0..9)
1 0 1 0 0 0 0 0 0 0
##$TOTROT= (0..63)
0 0 0 0 0 0 0 0 0 0 0 0 0 0 0 0 0 0 0 0 0 0 0 0 0 0 0 0 0 0 0 0 0 0 0 0
0 0 0 0 0 0 0 0 0 0 0 0 0 0 0 0 0 0 0 0 0 0 0 0 0 0 0 0
##$TUBE_TYPE= <>
##$USERA1= <>
##$USERA10= <>
##$USERA2= <>
##$USERA3= <>
##$USERA4= <>
##$USERA5= <>
##$USERA6= <>
##$USERA7= <>
##$USERA8= <>
##$USERA9= <>
##$UUID= <a1587170-e315-4af6-9277-5f6f13058e05>
##$VALIDCODE= -1
##$VALIST= <>
##$VCLIST= <>
##$VDLIST= <>
##$VPLIST= <>
##$VTLIST= <>
##$VtChillPowType= 0
##$VtChillPowVal= 0
##$VtChillType= 0
##$VtGasFlow= 534.975891113281
##$WAVEMAKER= (0..7)
<> <> <> <> <> <> <> <>
##$WBST= 1024
##$WBSW= (0..7)
4 10 10 10 10 10 10 10
##$XL= 0
##$YL= 0
##$YMAX_a= 518689833
##$YMIN_a= -517719622
##$ZGOPTNS= <>
##$scaledByNS= no
##$scaledByRG= no
##$shimCoilTempK= 297.15
##END=
